   1.0000000e+00   4.2096257e-01
   2.0000000e+00   4.2007130e-01
   3.0000000e+00   4.3175282e-01
   4.0000000e+00   4.3827094e-01
   5.0000000e+00   4.4044207e-01
   6.0000000e+00   4.4033274e-01
   7.0000000e+00   4.3886937e-01
   8.0000000e+00   4.3489305e-01
   9.0000000e+00   4.3466825e-01
   1.0000000e+01   4.3391800e-01
   1.1000000e+01   4.3032896e-01
   1.2000000e+01   4.3013072e-01
   1.3000000e+01   4.2747840e-01
   1.4000000e+01   4.2778202e-01
   1.5000000e+01   4.2774569e-01
   1.6000000e+01   4.2542781e-01
   1.7000000e+01   4.2464507e-01
   1.8000000e+01   4.2323628e-01
   1.9000000e+01   4.2120274e-01
   2.0000000e+01   4.1886275e-01
   2.1000000e+01   4.1814787e-01
   2.2000000e+01   4.1621131e-01
   2.3000000e+01   4.1462606e-01
   2.4000000e+01   4.1438206e-01
   2.5000000e+01   4.1434581e-01
   2.6000000e+01   4.1332511e-01
   2.7000000e+01   4.1328052e-01
   2.8000000e+01   4.1282404e-01
   2.9000000e+01   4.1163194e-01
   3.0000000e+01   4.1132739e-01
