   1.0000000e+00   7.5522282e-01
   2.0000000e+00   7.4969697e-01
   3.0000000e+00   7.5013666e-01
   4.0000000e+00   7.5524064e-01
   5.0000000e+00   7.5664884e-01
   6.0000000e+00   7.5364231e-01
   7.0000000e+00   7.5199389e-01
   8.0000000e+00   7.5267380e-01
   9.0000000e+00   7.5418499e-01
   1.0000000e+01   7.5409626e-01
   1.1000000e+01   7.5296062e-01
   1.2000000e+01   7.5212715e-01
   1.3000000e+01   7.5325381e-01
   1.4000000e+01   7.5449962e-01
   1.5000000e+01   7.5311230e-01
   1.6000000e+01   7.5346702e-01
   1.7000000e+01   7.5341512e-01
   1.8000000e+01   7.5340067e-01
   1.9000000e+01   7.5335773e-01
   2.0000000e+01   7.5342959e-01
   2.1000000e+01   7.5223156e-01
   2.2000000e+01   7.5134338e-01
   2.3000000e+01   7.5131675e-01
   2.4000000e+01   7.5035651e-01
   2.5000000e+01   7.5087914e-01
   2.6000000e+01   7.5144933e-01
   2.7000000e+01   7.5118769e-01
   2.8000000e+01   7.5102114e-01
   2.9000000e+01   7.5143893e-01
   3.0000000e+01   7.5173619e-01
