   1.0000000e+00   3.9271124e-01
   2.0000000e+00   4.0561170e-01
   3.0000000e+00   4.1070021e-01
   4.0000000e+00   4.1311008e-01
   5.0000000e+00   4.1249194e-01
   6.0000000e+00   4.1191858e-01
   7.0000000e+00   4.1273766e-01
   8.0000000e+00   4.1071813e-01
   9.0000000e+00   4.1129745e-01
   1.0000000e+01   4.1019136e-01
   1.1000000e+01   4.1121167e-01
   1.2000000e+01   4.1120189e-01
   1.3000000e+01   4.1060649e-01
   1.4000000e+01   4.0962773e-01
   1.5000000e+01   4.0820612e-01
   1.6000000e+01   4.0880993e-01
   1.7000000e+01   4.0695233e-01
   1.8000000e+01   4.0656131e-01
   1.9000000e+01   4.0752413e-01
   2.0000000e+01   4.0747151e-01
   2.1000000e+01   4.0858085e-01
   2.2000000e+01   4.0886124e-01
   2.3000000e+01   4.0886953e-01
   2.4000000e+01   4.0801261e-01
   2.5000000e+01   4.0804558e-01
   2.6000000e+01   4.0862594e-01
   2.7000000e+01   4.0862578e-01
   2.8000000e+01   4.0870243e-01
   2.9000000e+01   4.0911113e-01
   3.0000000e+01   4.0901957e-01
