   1.0000000e+00   3.3910873e-01
   2.0000000e+00   3.5982175e-01
   3.0000000e+00   3.4773619e-01
   4.0000000e+00   3.5276292e-01
   5.0000000e+00   3.6556150e-01
   6.0000000e+00   3.6483660e-01
   7.0000000e+00   3.6407436e-01
   8.0000000e+00   3.7124777e-01
   9.0000000e+00   3.6675777e-01
   1.0000000e+01   3.6658824e-01
   1.1000000e+01   3.7017663e-01
   1.2000000e+01   3.7117053e-01
   1.3000000e+01   3.7223091e-01
   1.4000000e+01   3.7187675e-01
   1.5000000e+01   3.6813310e-01
   1.6000000e+01   3.6754456e-01
   1.7000000e+01   3.6720981e-01
   1.8000000e+01   3.6533967e-01
   1.9000000e+01   3.6371892e-01
   2.0000000e+01   3.6396791e-01
   2.1000000e+01   3.6424752e-01
   2.2000000e+01   3.6527305e-01
   2.3000000e+01   3.6249554e-01
   2.4000000e+01   3.6056744e-01
   2.5000000e+01   3.5918431e-01
   2.6000000e+01   3.5977787e-01
   2.7000000e+01   3.5989437e-01
   2.8000000e+01   3.5961294e-01
   2.9000000e+01   3.6075481e-01
   3.0000000e+01   3.5957932e-01
