   1.0000000e+00   6.1040710e-01
   2.0000000e+00   6.0581340e-01
   3.0000000e+00   6.0644701e-01
   4.0000000e+00   6.0468478e-01
   5.0000000e+00   6.0478378e-01
   6.0000000e+00   6.0396536e-01
   7.0000000e+00   6.0349392e-01
   8.0000000e+00   6.0332845e-01
   9.0000000e+00   6.0292694e-01
   1.0000000e+01   6.0224933e-01
   1.1000000e+01   6.0183892e-01
   1.2000000e+01   6.0111410e-01
   1.3000000e+01   6.0079933e-01
   1.4000000e+01   6.0060872e-01
   1.5000000e+01   6.0074450e-01
   1.6000000e+01   6.0040294e-01
   1.7000000e+01   6.0008293e-01
   1.8000000e+01   6.0031769e-01
   1.9000000e+01   5.9995248e-01
   2.0000000e+01   5.9967527e-01
   2.1000000e+01   5.9920195e-01
   2.2000000e+01   5.9895886e-01
   2.3000000e+01   5.9876445e-01
   2.4000000e+01   5.9858625e-01
   2.5000000e+01   5.9849834e-01
   2.6000000e+01   5.9825269e-01
   2.7000000e+01   5.9801937e-01
   2.8000000e+01   5.9775180e-01
   2.9000000e+01   5.9754639e-01
   3.0000000e+01   5.9719626e-01
