   1.0000000e+00   8.9461676e-01
   2.0000000e+00   8.9365419e-01
   3.0000000e+00   8.9402258e-01
   4.0000000e+00   8.9294118e-01
   5.0000000e+00   8.9277718e-01
   6.0000000e+00   8.9258467e-01
   7.0000000e+00   8.9254902e-01
   8.0000000e+00   8.9177362e-01
   9.0000000e+00   8.9201822e-01
   1.0000000e+01   8.9137968e-01
   1.1000000e+01   8.9136931e-01
   1.2000000e+01   8.9171717e-01
   1.3000000e+01   8.9138078e-01
   1.4000000e+01   8.9133690e-01
   1.5000000e+01   8.9146049e-01
   1.6000000e+01   8.9108734e-01
   1.7000000e+01   8.9129496e-01
   1.8000000e+01   8.9139235e-01
   1.9000000e+01   8.9150952e-01
   2.0000000e+01   8.9160784e-01
   2.1000000e+01   8.9162889e-01
   2.2000000e+01   8.9163183e-01
   2.3000000e+01   8.9169960e-01
   2.4000000e+01   8.9181521e-01
   2.5000000e+01   8.9193868e-01
   2.6000000e+01   8.9204991e-01
   2.7000000e+01   8.9192579e-01
   2.8000000e+01   8.9190731e-01
   2.9000000e+01   8.9181880e-01
   3.0000000e+01   8.9185977e-01
