   1.0000000e+00   7.2393034e-01
   2.0000000e+00   7.2210277e-01
   3.0000000e+00   7.2138608e-01
   4.0000000e+00   7.2078585e-01
   5.0000000e+00   7.1881316e-01
   6.0000000e+00   7.1839389e-01
   7.0000000e+00   7.1895445e-01
   8.0000000e+00   7.1874328e-01
   9.0000000e+00   7.1881794e-01
   1.0000000e+01   7.1907117e-01
   1.1000000e+01   7.1803718e-01
   1.2000000e+01   7.1730990e-01
   1.3000000e+01   7.1758762e-01
   1.4000000e+01   7.1730350e-01
   1.5000000e+01   7.1717193e-01
   1.6000000e+01   7.1742636e-01
   1.7000000e+01   7.1709436e-01
   1.8000000e+01   7.1690676e-01
   1.9000000e+01   7.1704444e-01
   2.0000000e+01   7.1679209e-01
   2.1000000e+01   7.1687604e-01
   2.2000000e+01   7.1683998e-01
   2.3000000e+01   7.1669954e-01
   2.4000000e+01   7.1672759e-01
   2.5000000e+01   7.1681359e-01
   2.6000000e+01   7.1680615e-01
   2.7000000e+01   7.1690676e-01
   2.8000000e+01   7.1685045e-01
   2.9000000e+01   7.1672017e-01
   3.0000000e+01   7.1668100e-01
