   1.0000000e+00   8.7950089e-01
   2.0000000e+00   8.8759358e-01
   3.0000000e+00   8.9055258e-01
   4.0000000e+00   8.9122995e-01
   5.0000000e+00   8.9180749e-01
   6.0000000e+00   8.9271539e-01
   7.0000000e+00   8.9222307e-01
   8.0000000e+00   8.9286096e-01
   9.0000000e+00   8.9330164e-01
   1.0000000e+01   8.9331194e-01
   1.1000000e+01   8.9300275e-01
   1.2000000e+01   8.9331551e-01
   1.3000000e+01   8.9302619e-01
   1.4000000e+01   8.9332824e-01
   1.5000000e+01   8.9338562e-01
   1.6000000e+01   8.9366756e-01
   1.7000000e+01   8.9368565e-01
   1.8000000e+01   8.9340860e-01
   1.9000000e+01   8.9245145e-01
   2.0000000e+01   8.9230660e-01
   2.1000000e+01   8.9244716e-01
   2.2000000e+01   8.9243234e-01
   2.3000000e+01   8.9256452e-01
   2.4000000e+01   8.9256387e-01
   2.5000000e+01   8.9280570e-01
   2.6000000e+01   8.9288084e-01
   2.7000000e+01   8.9264145e-01
   2.8000000e+01   8.9272727e-01
   2.9000000e+01   8.9276538e-01
   3.0000000e+01   8.9269400e-01
