   1.0000000e+00   2.3610000e-01
   2.0000000e+00   2.4685000e-01
   3.0000000e+00   2.5633333e-01
   4.0000000e+00   2.6147500e-01
   5.0000000e+00   2.5010000e-01
   6.0000000e+00   2.5006667e-01
   7.0000000e+00   2.5177143e-01
   8.0000000e+00   2.5625000e-01
   9.0000000e+00   2.5970000e-01
   1.0000000e+01   2.5889000e-01
   1.1000000e+01   2.5943636e-01
   1.2000000e+01   2.6008333e-01
   1.3000000e+01   2.6198462e-01
   1.4000000e+01   2.6286429e-01
   1.5000000e+01   2.6359333e-01
   1.6000000e+01   2.6533750e-01
   1.7000000e+01   2.6701176e-01
   1.8000000e+01   2.6739444e-01
   1.9000000e+01   2.6931053e-01
   2.0000000e+01   2.7092000e-01
   2.1000000e+01   2.6978095e-01
   2.2000000e+01   2.6985909e-01
   2.3000000e+01   2.6994348e-01
   2.4000000e+01   2.7030417e-01
   2.5000000e+01   2.7018800e-01
   2.6000000e+01   2.6948462e-01
   2.7000000e+01   2.6994074e-01
   2.8000000e+01   2.7032500e-01
   2.9000000e+01   2.7063448e-01
   3.0000000e+01   2.7040333e-01
