   1.0000000e+00   4.4385027e-01
   2.0000000e+00   4.4527629e-01
   3.0000000e+00   4.4351753e-01
   4.0000000e+00   4.4133690e-01
   5.0000000e+00   4.3950089e-01
   6.0000000e+00   4.3780154e-01
   7.0000000e+00   4.3693405e-01
   8.0000000e+00   4.3385027e-01
   9.0000000e+00   4.2982769e-01
   1.0000000e+01   4.2967558e-01
   1.1000000e+01   4.2832604e-01
   1.2000000e+01   4.2723113e-01
   1.3000000e+01   4.2701220e-01
   1.4000000e+01   4.2409982e-01
   1.5000000e+01   4.2318717e-01
   1.6000000e+01   4.2156863e-01
   1.7000000e+01   4.2185593e-01
   1.8000000e+01   4.2232521e-01
   1.9000000e+01   4.2119523e-01
   2.0000000e+01   4.2034225e-01
   2.1000000e+01   4.2026993e-01
   2.2000000e+01   4.2017501e-01
   2.3000000e+01   4.1951174e-01
   2.4000000e+01   4.1879679e-01
   2.5000000e+01   4.1838717e-01
   2.6000000e+01   4.1800631e-01
   2.7000000e+01   4.1684558e-01
   2.8000000e+01   4.1630252e-01
   2.9000000e+01   4.1597886e-01
   3.0000000e+01   4.1554843e-01
